[gd_scene load_steps=8 format=3 uid="uid://cqm1w51kg5jl2"]

[ext_resource type="PackedScene" uid="uid://5545kv3kraww" path="res://wall.tscn" id="1_5n8oc"]
[ext_resource type="PackedScene" uid="uid://bqvbphnjc82pq" path="res://shortwall.tscn" id="1_puwg6"]
[ext_resource type="PackedScene" uid="uid://d354efqjak5p" path="res://block.tscn" id="2_6m30c"]
[ext_resource type="PackedScene" uid="uid://dd01fjk8c0wkr" path="res://frame.tscn" id="3_givlc"]

[sub_resource type="PhysicsMaterial" id="PhysicsMaterial_otv57"]

[sub_resource type="BoxShape3D" id="BoxShape3D_l5lhu"]

[sub_resource type="BoxMesh" id="BoxMesh_kv5o1"]
size = Vector3(20, 1, 20)

[node name="Node3D" type="Node3D"]

[node name="Camera3D" type="Camera3D" parent="."]
transform = Transform3D(0.871877, -0.106988, 0.477895, 0.0475466, 0.989728, 0.134828, -0.487411, -0.0948315, 0.868008, 5.79835, 6.74445, 9.32314)

[node name="WorldEnvironment" type="WorldEnvironment" parent="."]

[node name="DirectionalLight3D" type="DirectionalLight3D" parent="."]
transform = Transform3D(0.926121, -0.377227, 0, 0.322366, 0.791433, 0.51934, -0.195909, -0.480972, 0.854568, 0, 4.14885, 0)

[node name="RigidBody3D" type="RigidBody3D" parent="."]
physics_material_override = SubResource("PhysicsMaterial_otv57")
freeze = true

[node name="CollisionShape3D" type="CollisionShape3D" parent="RigidBody3D"]
transform = Transform3D(20, 0, 0, 0, 1, 0, 0, 0, 20, 0, 0, 0)
shape = SubResource("BoxShape3D_l5lhu")

[node name="MeshInstance3D" type="MeshInstance3D" parent="RigidBody3D"]
mesh = SubResource("BoxMesh_kv5o1")

[node name="frame" parent="." instance=ExtResource("1_puwg6")]
transform = Transform3D(1, 0, 0, 0, 1, 0, 0, 0, 1, 1.01501, 1.55006, 2.96859)

[node name="Wall2" parent="." instance=ExtResource("1_5n8oc")]
transform = Transform3D(1, 0, 0, 0, 1, 0, 0, 0, 1, 0.998057, 2.75469, -1.86201)

[node name="Wall5" parent="." instance=ExtResource("1_5n8oc")]
transform = Transform3D(1, 0, 0, 0, 0.905598, -0.424136, 0, 0.424136, 0.905598, 0.998057, 7.12809, -1.2816)

[node name="Wall6" parent="." instance=ExtResource("1_5n8oc")]
transform = Transform3D(1, 0, 0, 0, 0.866052, 0.499955, 0, -0.499955, 0.866052, 0.697799, 6.76073, 1.59686)

[node name="Wall4" parent="." instance=ExtResource("1_5n8oc")]
transform = Transform3D(-0.0215357, 0, -0.999768, 0, 1, 0, 0.999768, 0, -0.0215357, -1.5478, 2.75469, 0.579506)

[node name="Wallface" type="Node3D" parent="."]
transform = Transform3D(1, 0, 0, 0, 1, 0, 0, 0, 1, 3.54548, 1.20695, -1.89729)

[node name="Block" parent="Wallface" instance=ExtResource("2_6m30c")]

[node name="Block2" parent="Wallface" instance=ExtResource("2_6m30c")]
transform = Transform3D(1, 0, 0, 0, 1, 0, 0, 0, 1, 0, 1.04305, 0)

[node name="Block3" parent="Wallface" instance=ExtResource("2_6m30c")]
transform = Transform3D(1, 0, 0, 0, 1, 0, 0, 0, 1, 0, 2.07829, 0)

[node name="Block4" parent="Wallface" instance=ExtResource("2_6m30c")]
transform = Transform3D(1, 0, 0, 0, 1, 0, 0, 0, 1, 0, 3.09022, 0)

[node name="Block5" parent="Wallface" instance=ExtResource("2_6m30c")]
transform = Transform3D(1, 0, 0, 0, 1, 0, 0, 0, 1, 0, 0, 1.06819)

[node name="Block6" parent="Wallface" instance=ExtResource("2_6m30c")]
transform = Transform3D(1, 0, 0, 0, 1, 0, 0, 0, 1, 0, 1.04305, 1.06819)

[node name="Block7" parent="Wallface" instance=ExtResource("2_6m30c")]
transform = Transform3D(1, 0, 0, 0, 1, 0, 0, 0, 1, 0, 2.07829, 1.06819)

[node name="Block8" parent="Wallface" instance=ExtResource("2_6m30c")]
transform = Transform3D(1, 0, 0, 0, 1, 0, 0, 0, 1, 0, 3.09022, 1.06819)

[node name="Block9" parent="Wallface" instance=ExtResource("2_6m30c")]
transform = Transform3D(1, 0, 0, 0, 1, 0, 0, 0, 1, 0, 0, 2.07403)

[node name="Block10" parent="Wallface" instance=ExtResource("2_6m30c")]
transform = Transform3D(1, 0, 0, 0, 1, 0, 0, 0, 1, 0, 1.04305, 2.07403)

[node name="Block17" parent="Wallface" instance=ExtResource("2_6m30c")]
transform = Transform3D(1, 0, 0, 0, 1, 0, 0, 0, 1, 0, 0, 4.25993)

[node name="frame" parent="Wallface" instance=ExtResource("3_givlc")]
transform = Transform3D(0.00242596, 0, 0.999997, 0, 1, 0, -0.999997, 0, 0.00242596, 0.111344, 3.06849, 3.1627)

[node name="Block18" parent="Wallface" instance=ExtResource("2_6m30c")]
transform = Transform3D(1, 0, 0, 0, 1, 0, 0, 0, 1, 0, 1.10491, 4.25993)
